--define TATA -w -30
-cx -1 --sequence TATAWAAR
-px 0.790 --matrix
  A [ -0.68{-3.02  0.00 -4.75  0.00  0.00  0.00  0.00 -0.12}-1.03 -0.58 -0.44 -0.42 -0.69 -0.56 ]
  C [ -0.06 -1.79 -5.60 -3.59 -5.44 -4.90 -4.24 -3.92 -1.31 -0.06  0.00  0.00 -0.06 -0.23 -0.25 ]
  G [  0.00 -2.93 -4.76 -4.90 -3.98 -4.90 -2.74 -1.48  0.00  0.00 -0.16 -0.01  0.00  0.00  0.00 ]
  T [ -1.74  0.00 -2.71  0.00 -2.56 -0.34 -3.69 -0.23 -1.51 -1.06 -1.50 -0.85 -0.69 -0.56 -0.64 ]

--define BREu -w -37
-cx -1 --sequence SSRCGCC
-px 0.831 --matrix
  A [  0.00{-1.37 -2.62 -0.72 -1.42 -5.34 -5.19 -2.39}]
  C [ -0.55 -0.46  0.00 -1.19  0.00 -5.34  0.00  0.00 ]
  G [ -1.69  0.00 -0.81  0.00 -2.13  0.00 -2.94 -2.66 ]
  T [ -2.27 -4.63 -4.81 -4.66 -2.51 -5.34 -3.08 -2.00 ]

--define BREd -w -22
-cx -1 --sequence RTDKKKK
-px 0.793 --matrix
  A [{-0.54 -1.39 -0.21 -1.65 -1.22 -2.13 -0.83}]
  C [ -1.54 -0.84 -0.82 -1.01 -0.60 -1.12 -0.45 ]
  G [  0.00 -0.95 -0.18 -0.11  0.00 -0.37 -0.32 ]
  T [ -0.93  0.00  0.00  0.00 -0.12  0.00  0.00 ]

--define Inr -w -1              # Human. Drosophila has as a different sequence.
-cx -1 --sequence YYANWYY
-px 0.814 --matrix
  A [{-0.86 -5.56  0.00 -1.59 -0.47 -0.40 -0.70}-0.60 ]
  C [ -1.01  0.00 -5.33 -0.41 -0.26  0.00 -0.17 -0.03 ]
  G [ -0.15 -5.56 -5.33  0.00 -4.39 -0.79 -0.25 -0.52 ]
  T [  0.00 -5.56 -3.02 -0.32  0.00 -0.44  0.00  0.00 ]

--define TCT -w 0               # Human. Drosophila has as a different sequence.
-cx -1 --sequence YCTYTYY
-px 0.780 --matrix
  A [ -2.09 -3.00 -4.57{-4.63 -5.29 -5.13 -4.62 -3.28 -2.91 -2.20}-1.66 ]
  C [  0.00 -1.43 -0.83  0.00  0.00 -5.13  0.00 -2.32 -0.45  0.00  0.00 ]
  G [ -1.32 -0.84 -0.61 -4.63 -3.60 -3.52 -2.76 -5.08 -2.86 -1.53 -1.02 ]
  T [ -1.40  0.00  0.00 -0.44 -5.29  0.00 -0.03  0.00  0.00 -0.25 -1.38 ]

--define XCPE1 -w -7
-cx -1 --sequence DSGYGGRASM
-px 0.786 --matrix
  A [{-5.11 -4.65 -5.27 -5.19 -5.08 -5.01 -1.81  0.00 -4.87 -2.08}]
  C [ -5.11 -0.60 -5.27  0.00 -5.08 -5.01 -5.01 -5.06  0.00  0.00 ]
  G [  0.00  0.00  0.00 -5.19  0.00  0.00  0.00 -5.06 -0.45 -5.04 ]
  T [ -5.11 -4.65 -5.27 -2.24 -5.08 -5.01 -5.01 -5.06 -4.87 -5.04 ]

--define XCPE2 -w -8
-cx -2 --sequence VCYCRTTRCMY
-px 0.761 --matrix
  A [{-0.59 -5.23 -4.40 -5.27  0.00 -5.33 -5.36 -1.23 -5.36 -0.14 -4.58}]
  C [ -0.16  0.00 -0.08  0.00 -4.97 -5.33 -5.36 -5.34  0.00  0.00  0.00 ]
  G [  0.00 -5.23 -4.40 -5.27 -0.36 -5.33 -5.36  0.00 -5.36 -4.62 -4.58 ]
  T [ -4.35 -5.23  0.00 -5.27 -4.97  0.00  0.00 -5.34 -5.36 -4.62 -0.01 ]

--define DPE -w +28
-cx 0 --sequence RGWYV
-px 0.862 --matrix
  A [ -0.28  0.00{ 0.00 -3.00  0.00 -1.82 -0.71}-0.84 -0.10 ]
  C [ -0.46 -0.38 -2.55 -0.26 -2.90 -0.42 -0.25 -0.47 -0.10 ]
  G [  0.00 -1.75 -0.35  0.00 -3.45 -2.23  0.00 -1.16 -0.23 ]
  T [ -1.10 -0.47 -1.31 -2.55 -0.31  0.00 -4.56  0.00  0.00 ]

--define MTE -w +18
-cx -2 --sequence CSARCSSAACGS
-px 0.776 --matrix
  A [ -1.07 -1.39 -1.37{-5.24 -1.11  0.00 -0.54 -5.27 -4.59 -0.72  0.00 -0.32 -5.28 -5.11 -4.94}-0.18 -0.63 -1.54 -1.23 ]
  C [ -0.54 -0.43 -0.92  0.00 -4.98 -5.10 -4.93  0.00 -0.30  0.00 -5.21 -4.71  0.00 -5.11 -0.87 -4.57  0.00 -0.65  0.00 ]
  G [ -0.41 -4.66 -1.21 -5.24  0.00 -5.10  0.00 -5.27  0.00 -0.05 -5.21  0.00 -5.28  0.00  0.00 -4.57 -4.45  0.00 -0.61 ]
  T [  0.00  0.00  0.00 -5.24 -4.98 -5.10 -4.93 -5.27 -4.59 -4.44 -5.21 -1.45 -5.28 -5.11 -4.94  0.00 -0.17 -4.78 -0.11 ]

--define Bridge -w +18
-cx -1 --sequence CGANC-7-WYGT
-px 0.851 --matrix
  A [ -0.95{-1.82 -5.15  0.00 -1.95 -2.81 -0.68 -5- -1.14  0.00 -5.20 -5.44 -4.72}-1.61 ]
  C [ -0.19  0.00 -2.54 -4.87 -1.19  0.00 -1.31      0.00 -5.18 -1.14 -5.44 -1.47  0.00 ]
  G [  0.00 -1.91  0.00 -1.51  0.00 -5.26  0.00     -0.23 -5.18 -5.20  0.00 -0.98 -0.27 ]
  T [ -2.03 -4.90 -5.15 -4.87 -5.02 -5.26 -0.33     -0.14 -1.41  0.00 -5.44  0.00 -0.11 ]

--define DCE -w +8
-cx -2 --sequence CTTC-6-CTGT-10-AGC
-px 0.813 --matrix
  A [ -1.23{-2.98 -2.94 -2.55 -3.53 -0.22 -4- -1.12 -3.29 -2.53 -3.60 -1.49 -1.05 -8- -1.23  0.00 -5.52 -5.36}-0.12 ]
  C [ -1.29  0.00 -1.93 -1.72  0.00  0.00     -0.47  0.00 -2.90 -2.20 -0.92 -0.61      0.00 -5.19 -5.52  0.00  0.00 ]
  G [  0.00 -2.71 -2.27 -0.87 -2.41 -0.15      0.00 -3.42 -2.00  0.00 -1.56  0.00     -0.50 -5.19  0.00 -5.36 -0.09 ]
  T [ -1.03 -2.96  0.00  0.00 -2.70 -0.20     -1.26 -3.78  0.00 -3.02  0.00 -0.97     -1.27 -5.19 -5.52 -5.36 -0.27 ]

--define DCE3 -w +25
-cx 0 --sequence AGC
-px 0.709 --matrix
  A [ -1.46{ 0.00 -5.52 -5.36}-0.12 ]
  C [  0.00 -5.19 -5.52  0.00  0.00 ]
  G [ -0.68 -5.19  0.00 -5.36 -0.09 ]
  T [ -1.29 -5.19 -5.52 -5.36 -0.27 ]

--define CpG -w -199 100
-d 100 -x 200 0.6 0.5

--define Sharp -w -99 100
-kx 12.0 --peakfile data/fantom5_ctss2.0_hg38.bed
# Download from:
# http://fantom.gsc.riken.jp/5/datafiles/reprocessed/hg38_v4/extra/pooled_ctss/hg38.phase1+2.ctss.bed.gz

--define Broad -w -99 100
-k 1 -x 12.0 --peakfile data/fantom5_ctss2.0_hg38.bed

--define AnyTags -w -99 100
-k 2 --peakfile data/fantom5_ctss2.0_hg38.bed
