--define 1169_19561594@@SFRS13A@RRMx1 -p --matrix
72	60	100	1	43	30	16
28	8	0	11	6	25	37
0	32	0	88	42	29	25
0	0	0	0	9	16	23

--define 1170_19561594@@ELAVL1@RRMx3 -p --matrix
34	0	0	22
3	0	0	0
63	0	0	8
0	100	100	71

--define 1171_19561594@@PTBP1@RRMx4 -p --matrix
100	0	91	28	22	17	18	10	10	22	13	23	17	17	20
0	0	0	29	29	20	24	31	33	25	25	25	37	28	29
0	100	9	10	13	17	11	12	17	12	17	16	15	17	13
0	0	0	33	37	46	47	48	40	40	46	37	31	39	38

--define 1172_19561594@@RBM4@RRMx2.ZnfCCCHx1 -p --matrix
0	0	2	0
95	0	70	0
5	100	23	100
0	0	5	0

--define 1173_19561594@@SFRS1@RRMx2 -p --matrix
54	0	0	100
0	0	0	0
13	100	100	0
33	0	0	0

--define 1174_19561594@@KHDRBS3@KHx1 -p --matrix
28	33	0	100	100	29
26	26	3	0	0	19
21	17	0	0	0	9
26	24	97	0	0	43

--define 1175_19561594@@SNRPA@RRMx2 -p --matrix
44	8	5	0	0	100	0
15	3	0	0	100	0	100
11	8	3	100	0	0	0
31	81	92	0	0	0	0

--define 1176_19561594@@Vts1@SAMx1 -p --matrix
1	0	25	0	0	16	17
1	100	7	0	0	48	37
97	0	36	100	100	15	27
1	0	32	0	0	22	19

--define 1177_19561594@@YBX1@CSDx1 -p --matrix
4	2	0	0	1	5
44	87	0	5	80	9
24	3	0	95	17	78
28	8	100	0	1	8

--define 1215_16041388@@QKI@KHx1 -p --matrix
21	37	17	6	100	100	5	42	11	16
18	27	41	23	0	0	62	27	35	33
26	12	10	0	0	0	1	7	14	28
35	24	31	71	0	0	32	24	40	24

--define 1216_19457263@@KHDRBS3@KHx1 -p --matrix
38	25	13	13	13	50	0	0	100	100	13	38	13	63	0	13	13
25	0	50	50	0	0	13	0	0	0	63	25	0	13	0	38	38
13	13	38	13	38	13	0	0	0	0	0	0	50	25	25	38	25
25	63	0	25	50	38	88	100	0	0	25	38	38	0	75	13	25

--define 147_19457263@@KHDRBS3@KHx1 -p --matrix
13	0	0	13	25	0	100	100	88	63	63	13	13	25	25	25
25	38	75	13	38	0	0	0	0	0	0	13	13	25	13	38
13	13	13	38	0	0	0	0	0	13	0	13	13	0	0	13
50	50	13	38	38	100	0	0	13	25	38	63	63	50	63	25

--define 1004_8676391@NCL@RRMx4@ -p --matrix
2	2	0	19	20	20	2	0	0	0	0	20	20	0	0	20	1	0
18	16	2	1	0	0	0	20	20	20	0	0	0	1	0	0	4	1
0	1	18	0	0	0	9	0	0	0	20	0	0	19	1	0	13	17
0	1	0	0	0	0	9	0	0	0	0	0	0	0	19	0	2	2

--define 1026_10858445@NCL@RRMx4@ -p --matrix
7	2	0	0	2	10	4	0	1	2	3
1	3	0	10	0	0	2	6	4	3	2
1	0	0	0	8	0	2	3	3	2	4
1	5	10	0	0	0	2	1	2	3	1

--define 1052_17318228@RBMY1A1@RRMx1@ -p --matrix
0	12	0	38	38
38	1	38	0	0
0	0	0	0	0
0	25	0	0	0

--define 1053_17318228@RBMY1A1@RRMx1@ -p --matrix
1	11	1	46	49
51	0	50	5	0
0	0	0	0	1
0	41	1	1	1

--define 114_7499328@ybx2-a@CSDx1@ -p --matrix
13	13	0	12	2	0
0	0	10	0	1	11
0	0	3	0	0	0
0	0	0	1	10	2

--define 115_7499328@ybx2-a@CSDx1@ -p --matrix
10	10	0	10	1	0
0	0	8	0	2	9
0	0	1	0	0	0
0	0	1	0	7	1

--define 1185_17893325@KHSRP@KHx4@ -p --matrix
0	0	0	0	0	0	0	0
6	6	6	6	5	5	4	3
0	0	0	0	0	0	0	0
0	0	0	0	0	0	0	0

--define 1186_17893325@KHSRP@KHx4@ -p --matrix
0	0	0	0
0	0	4	4
4	0	0	0
0	4	0	0

--define 1213_8021254@ACO1@Unknown@ -p --matrix
3	44	9	9	11	16
35	3	0	4	7	22
8	1	45	10	35	5
9	7	1	32	2	12

--define 1285_19304800@ZRANB2@ZnfRanBP2x2@ -p --matrix
47	0	0	0	58	50
11	0	0	0	2	3
2	70	70	0	1	7
6	0	0	69	3	4

--define 130_11376140@ybx2-a@CSDx1@ -p --matrix
2	1	1	13	2	16	6	0	18	0	0	0	1
0	14	17	2	8	0	12	18	0	9	18	0	15
14	2	0	0	4	0	0	0	0	0	0	18	0
2	1	0	3	4	2	0	0	0	9	0	0	2

--define 131_11376140@NCL@RRMx4@ -p --matrix
0	0	1	5	0	6	0	5	6	0	1
0	0	5	1	5	0	0	0	0	0	0
0	5	0	0	0	0	6	0	0	6	5
6	1	0	0	1	0	0	1	0	0	0

--define 145_9163526@sap-49@RRMx2@ -p --matrix
0	0	0	0	0	4
0	1	0	0	0	0
3	0	4	0	4	0
1	3	0	4	0	0

--define 149_16041388@QKI@KHx1@ -p --matrix
4	57	0	0	57	57	0
2	0	57	0	0	0	50
6	0	0	0	0	0	0
45	0	0	57	0	0	7

--define 221_12324455@ZFP36@ZnfCCCHx2@ -p --matrix
5	5	2	5	5	3	0	5	5	5	0
0	0	1	0	0	0	1	0	0	0	0
0	0	0	0	0	2	2	0	0	0	5
0	0	2	0	0	0	2	0	0	0	0

--define 23_7510636@HNRNPA1@RRMx2@ -p --matrix
0	47	0	1	5	26
2	0	0	0	1	0
0	0	47	46	37	0
45	0	0	0	4	21

--define 242_7543047@SFRS1@RRMx2@ -p --matrix
11	0	17	16	1	12	15	0
1	1	0	1	1	0	0	18
6	19	2	2	17	8	5	0
2	0	1	1	1	0	0	2

--define 243_7543047@SFRS1@RRMx2@ -p --matrix
14	0	0	0	0	2	9
1	17	0	16	0	15	1
1	0	17	1	15	0	5
1	0	0	0	2	0	2

--define 244_7543047@SFRS2@RRMx1@ -p --matrix
0	1	1	0	0	11	0	1	6
0	1	0	10	3	0	0	0	0
11	0	0	1	8	0	11	3	1
0	9	10	0	0	0	0	7	4

--define 24_7908267@PABPC1@RRMx4@ -p --matrix
13	13	13	13	13
0	0	0	0	0
0	0	0	0	0
0	0	0	0	0

--define 254_1714588@sus@ZnfCCCHx1@ -p --matrix
2	1	9	1	0	13	2	2	0	3
2	9	4	2	0	1	2	0	10	1
1	2	1	12	3	0	11	1	6	2
10	3	2	1	13	2	1	13	0	7

--define 323_16537387@pum@PUMx1@ -p --matrix
55	33	0	9	8	111	81	102	0	105	39	54	33	59	39	67
17	17	0	0	0	2	13	4	4	0	17	10	27	6	11	6
0	8	0	88	2	0	1	3	1	6	12	24	11	8	14	13
41	55	113	16	103	0	18	4	108	2	45	25	42	40	49	27

--define 329_11780640@Pum2@PUMx1@ -p --matrix
0	0	0	25
0	0	0	0
0	25	0	0
25	0	25	0

--define 330_11780640@Pum2@PUMx1@ -p --matrix
0	0	0	23	10	17	4	15	10	5	4	6	7	1	0	1	0	0	0	0	0
0	0	0	0	5	0	1	0	3	8	4	7	7	9	11	10	10	11	15	14	6
0	23	0	0	7	3	0	1	9	6	5	8	7	6	8	5	6	8	3	2	6
23	0	23	0	1	3	18	7	1	4	10	2	2	7	4	6	5	2	2	2	1

--define 350_8846295@EIF4B@RRMx1@ -p --matrix
1	0	3	0	0	12	9
2	3	4	0	0	1	3
7	0	0	13	13	0	0
3	10	6	0	0	0	1

--define 351_8846295@EIF4B@RRMx1@ -p --matrix
4	0	3	0	11	25	9
4	17	5	0	0	0	16
17	1	11	25	14	0	0
0	7	6	0	0	0	0

--define 352_8846295@EIF4B@RRMx1@ -p --matrix
2	0	19	13
0	0	0	5
17	19	0	1
0	0	0	0

--define 359_12507992@IGF2BP1@RRMx2;KHx4@ -p --matrix
11	11	0	0	12	0	0	0	0	0	0
0	0	0	12	0	9	9	12	3	1	0
1	0	12	0	0	0	3	0	9	0	0
0	1	0	0	0	3	0	0	0	10	12

--define 36_12574126@a2bp1@RRMx1@ -p --matrix
0	0	16	0	0
0	16	0	2	0
16	0	0	0	16
0	0	0	14	0

--define 376_9199325@Rna15@RRMx1@ -p --matrix
0	0	0	0	0	4	0	0	0	0	0	0
0	0	2	0	0	0	0	0	3	0	4	4
0	4	0	4	0	0	0	0	0	0	0	0
4	0	2	0	4	0	4	4	1	4	0	0

--define 377_9199325@Rna15@RRMx1@ -p --matrix
0	0	0	0	0	4	0	0	0	0	0	0
0	0	3	0	0	0	0	0	3	0	4	4
0	4	0	4	0	0	0	0	0	0	0	0
4	0	1	0	4	0	4	4	1	4	0	0

--define 37_16537540@A2BP1@RRMx1@ -p --matrix
2	0	0	47	0	0
0	0	47	0	0	0
0	47	0	0	0	47
45	0	0	0	47	0

--define 488_9001221@NONO@RRMx2@ -p --matrix
29	0	0	0	26
0	0	0	0	0
0	29	29	29	0
0	0	0	0	3

--define 637_11098054@FUS@RRMx1;ZnfRanBP2x1@ -p --matrix
0	0	0	0
0	0	0	0
39	39	0	39
0	0	39	0

--define 661_1717938@SNRPA@RRMx2@ -p --matrix
7	0	1	0	0	9	0	2
0	0	0	0	9	0	9	2
0	0	0	9	0	0	0	1
2	9	8	0	0	0	0	4

--define 662_1717938@SNRPA@RRMx2@ -p --matrix
9	1	1	0	0	11	0
1	0	0	0	11	0	11
0	0	0	10	0	0	0
1	10	10	1	0	0	0

--define 663_1717938@SNRPA@RRMx2@ -p --matrix
11	1	0	0	0	11	0
0	0	0	0	11	0	11
0	0	0	11	0	0	0
0	10	11	0	0	0	0

--define 669_20071745@MBNL1@ZnfCCCHx4@ -p --matrix
0	0	0	0
92	1	218	43
0	218	1	0
127	0	0	176

--define 680_9789075@NOVA2@KHx3@ -p --matrix
2	2	7	0	12	0	1	0	12	0	4	1	0
0	3	0	0	0	0	0	12	0	0	4	6	10
10	7	5	12	0	12	1	0	0	0	0	5	0
0	0	0	0	0	0	10	0	0	12	4	0	2

--define 682_10811881@NOVA2@KHx3@ -p --matrix
3	0	2	0	1	3	2	1	2	0	0	7	0	2	0	0
0	3	2	0	2	2	2	4	0	0	7	0	5	4	7	7
2	4	3	1	2	1	3	1	0	0	0	0	0	1	0	0
2	0	0	6	2	1	0	1	5	7	0	0	2	0	0	0

--define 782_8497264@ELAVL2@RRMx3@ -p --matrix
8	2	2	9	0	1	0	7	3	9	2	3	3	2
6	4	10	12	0	0	0	3	4	2	0	0	7	2
1	0	3	1	0	0	1	4	3	3	2	1	1	6
4	16	7	1	27	26	26	13	17	11	18	16	6	4

--define 783_7972035@ELAVL2@RRMx3@ -p --matrix
5	0	0	0	18	0	4	0	7
0	1	0	1	0	0	0	1	0
0	0	0	1	2	1	0	2	1
15	19	20	18	0	19	16	17	12

--define 784_7972035@ELAVL2@RRMx3@ -p --matrix
2	0	0	0	5	1	0	0	0
0	0	1	2	0	1	0	0	0
0	0	0	0	1	0	0	0	0
4	6	5	4	0	4	6	6	6

--define 790_10094314@SFRS7@RRMx1;ZnfCCHCx1@ -p --matrix
34	3	40	0	6	41	0	5	31	3
6	1	3	42	1	1	38	0	5	9
1	36	0	0	17	0	2	38	0	6
2	3	0	1	19	1	3	0	7	25

--define 791_10094314@SFRS2@RRMx1@ -p --matrix
2	0	2	1	0	0	27	0	17	5
0	0	0	0	29	16	0	0	3	1
6	29	0	0	0	13	1	29	1	4
21	0	27	28	0	0	1	0	8	19

--define 797_17548433@SFRS9@RRMx2@ -p --matrix
30	1	1	33	5
3	2	10	3	17
0	34	26	0	12
4	0	0	1	3

--define 802_9111335@B52@RRMx2@ -p --matrix
0	3	0	0	4	4	0	0	2	0	0	0	0	4	0	3	0
0	0	0	4	0	0	4	4	1	0	0	4	0	0	4	1	0
4	1	0	0	0	0	0	0	0	4	4	0	4	0	0	0	4
0	0	4	0	0	0	0	0	1	0	0	0	0	0	0	0	0

--define 915_11565747@Psi@KHx4@ -p --matrix
12	5	10	11	1	0	1	14	5	6	8
8	16	4	8	23	6	0	4	14	7	18
6	3	9	8	6	2	0	7	5	12	3
8	10	11	7	4	26	33	9	10	9	5

--define 922_19282290@RBMX@RRMx1@ -p --matrix
0	0	8	0
12	12	4	3
0	0	0	5
0	0	0	4

--define 946_10094314@SNRPA@RRMx2@ -p --matrix
0	8	3	5	0	0	5	0	0	2	14
0	0	0	0	15	13	1	0	11	1	1
15	2	0	0	0	2	0	15	0	0	0
0	5	12	10	0	0	9	0	4	12	0

--define 947_10094314@SNRPA@RRMx2@ -p --matrix
2	1	1	3	15	2	0	0	0	0
1	1	0	0	0	0	0	16	2	0
12	13	12	4	1	0	16	0	1	15
1	1	3	9	0	13	0	0	13	1

--define 948_10094314@SNRPA@RRMx2@ -p --matrix
3	6	0	0	13	0	0	12	0	0	0
0	3	0	13	0	0	0	0	0	0	5
9	3	13	0	0	13	0	1	13	7	8
1	1	0	0	0	0	13	0	0	6	0

--define 949_10094314@SNRPA@RRMx2@ -p --matrix
11	0	0	12	1	14	1
0	4	0	2	0	1	1
1	12	15	2	13	1	2
4	0	1	0	2	0	12

--define 950_7908267@PABPC1@RRMx4@ -p --matrix
7	1	2	6	7	0	3
0	6	0	0	0	2	3
0	0	2	1	0	1	1
0	0	3	0	0	4	0

--define 951_12324455@ZFP36@ZnfCCCHx2@ -p --matrix
3	1	15	0	0	0	14	6	1
1	0	0	0	0	0	1	0	2
0	1	1	0	0	0	1	0	4
12	14	0	16	16	16	0	10	9

--define 952_7543047@SFRS1@RRMx2@ -p --matrix
20	8	1	35	2	20	10	34	8	0
4	0	0	1	33	0	0	1	2	35
4	20	34	0	1	14	25	1	26	0
8	8	1	0	0	2	1	0	0	1

--define 953_7543047@SFRS2@RRMx1@ -p --matrix
23	1	1	21	0	19	3	6	12
1	1	12	4	0	2	0	1	2
1	24	13	1	26	1	22	5	3
1	0	0	0	0	4	1	14	9

--define 954_10094314@SFRS7@RRMx1;ZnfCCHCx1@ -p --matrix
18	2	0	25	1	20	0	21	6
4	22	0	0	0	0	1	3	11
0	0	24	0	18	0	21	0	0
3	1	1	0	6	5	3	1	8

--define 969_20167602@YTHDC1@YTHx1@ -p --matrix
0	17	15	0	14	2
5	13	7	0	8	31
17	5	10	2	14	3
14	1	4	34	0	0
